AVG PPH = Average player count per hour
MOD(%)	= Variation from previous day in percentage


		AVG PPH		MOD(%)	
22		36279		#
23		43282		19.3
24		42500		-1.81		-
25		32035		-24.62
26		30634		-4.37
27		29069		-5.11
28		28317		-2.59
29		29489		4.14
30		34755		17.86
31		33856		-2.59		.
1		25704		-24.08
2		24665		-4.04
3		23999		-2.7
4		23789		-0.88
5		23993		0.86
6		28767		19.9
7 		28385		-1.33		-
8		21617		-23.84
9		20566		-4.86
10		19127		-7.0
11		19179		0.27
12		20197		5.31
13		24644		22.02
14		24279		-1.48		-
15		18413		-24.16
16		17430		-5.34
17		16452		-5.61
18		17254		4.87
19		19161		11.05
20		20082		4.81
21		19596		-2.42		-
